002272
01052
01052
03668
0516
01408
0860
01276
02644
4988
02672
03888
02820
02180
03092
028
01560
01780
028
0140
0140
0172
0772
0772
0772
0772
0772
0600
0772
0772
0772
0848
0260
0260
0260
0260
0260
0260
0260
0260
0260
0260
0260
0260
0260
0260
0260
0260
01508
0660
02120
02120
5580
0544
5632
01028
01932
0656
01644
4996
01632
6668
03836
02064
0204
08
02416
02592
02088
02332
02572
02936
01760
6276
6276
6276
6296
6328
7416
7416
7416
7928
7928
7928
7928
7928
7928
7928
7928
0264
03268
03268
01968
02060
02060
02060
02060
